function mpc = case_ny2bus_v3
%CASE_NY2BUS_V3

%% MATPOWER Case Format : Version 2
mpc.version = '2';

%%-----  Power Flow Data  -----%%
%% system MVA base
mpc.baseMVA = 100;

%% bus data
%	bus_i	type	Pd          Qd	Gs	Bs	area	Vm	Va	baseKV	zone	Vmax	Vmin
mpc.bus = [
	1       3       9399.75311	0	0	0	1       1	0	765     1       1.1     0.9;
	2       1       24568.7584	0	0	0	1       1	0	765     2       1.1     0.9;
];

%% generator data
%	bus	Pg	Qg	Qmax	Qmin	Vg	mBase	status	Pmax	Pmin	Pc1	Pc2	Qc1min	Qc1max	Qc2min	Qc2max	ramp_agc	ramp_10	ramp_30	ramp_q	apf
mpc.gen = [
	2	2.7	0	1.35	-1.35	1	100	1	2.7	0.73874669	0	0	0	0	0	0	0	0	0	0	0;
	2	2.5	0	1.25	-1.25	1	100	1	2.5	0.684024713	0	0	0	0	0	0	0	0	0	0	0;
	2	3.5	0	1.75	-1.75	1	100	1	3.5	1.08828155	0	0	0	0	0	0	0	0	0	0	0;
	2	1	0	0.5	-0.5	1	100	1	1	0	0	0	0	0	0	0	0	0	0	0	0;
	2	2	0	0	0	1.02	3	1	2	0	0	0	0	0	0	0	0	0	0	0	0;
	2	0.9	0	0.45	-0.45	1	100	1	0.9	0.059329309	0	0	0	0	0	0	0	0	0	0	0;
	2	21.6	0	10.8	-10.8	1	100	1	21.6	6.71625184	0	0	0	0	0	0	0	0	0	0	0;
	2	3.2	0	0	0	1.01	3.6	1	3.2	0	0	0	0	0	0	0	0	0	0	0	0;
	2	2	0	1	-1	1	100	1	2	0.131842908	0	0	0	0	0	0	0	0	0	0	0;
	2	21.6	0	10.8	-10.8	1	100	1	21.6	6.71625184	0	0	0	0	0	0	0	0	0	0	0;
	1	7.5	0	3.75	-3.75	1	100	1	7.5	0	0	0	0	0	0	0	0	0	0	0	0;
	2	0	98.76	283.6	-88.23	1.03	690	1	621	151.340374	0	0	0	0	0	0	0	0	0	0	0;
	2	3.46319343	98.78	277.2	-41.34	1.03	690	1	621	0	0	0	0	0	0	0	0	0	0	0	0;
	2	239.4	101.1	101.1	-39.07	1.04	281.6	1	239.4	92.6709677	0	0	0	0	0	0	0	0	0	0	0;
	2	147.1	88.3	88.3	-32.05	1.04	173	1	147.1	65.0405306	0	0	0	0	0	0	0	0	0	0	0;
	2	73.5	50.1	50.1	-15.44	1.04	70.6	1	73.5	34.453125	0	0	0	0	0	0	0	0	0	0	0;
	2	72	49.8	49.8	-13.79	1.04	70.6	1	72	35.0081037	0	0	0	0	0	0	0	0	0	0	0;
	2	9.2	0	4.6	-4.6	1	100	1	9.2	2.8632904	0	0	0	0	0	0	0	0	0	0	0;
	2	0	0	0	0	1.04	3.44	1	5.4	2	0	0	0	0	0	0	0	0	0	0	0;
	2	0	0	0	0	1.04	3.44	1	5.4	2	0	0	0	0	0	0	0	0	0	0	0;
	2	5.5	-2	1	-1	1.02	3	1	5.5	0	0	0	0	0	0	0	0	0	0	0	0;
	2	5.5	-2	1	-1	1.02	3	1	5.5	0	0	0	0	0	0	0	0	0	0	0	0;
	2	5.1	0	2.55	-2.55	1	100	1	5.1	0	0	0	0	0	0	0	0	0	0	0	0;
	2	5.1	0	2.55	-2.55	1	100	1	5.1	0	0	0	0	0	0	0	0	0	0	0	0;
	2	5	0	2.5	-2.5	1	100	1	5	0	0	0	0	0	0	0	0	0	0	0	0;
	1	25	0	12.5	-12.5	1	100	1	25	0	0	0	0	0	0	0	0	0	0	0	0;
	2	0	97.8	57.3	-15	1.04	81	1	156.2	47.831579	0	0	0	0	0	0	0	0	0	0	0;
	2	200	96.58	74.5	-7.7	1.04	100	1	200	65.2406417	0	0	0	0	0	0	0	0	0	0	0;
	2	0	0	44	-34	1.03	56	1	31.8	0	0	0	0	0	0	0	0	0	0	0	0;
	2	0	0	44	-34	1.03	56	1	37.8	0	0	0	0	0	0	0	0	0	0	0	0;
	2	0	0	10	-10	1	100	1	20	6.2187517	0	0	0	0	0	0	0	0	0	0	0;
	2	0	0	10	-10	1	100	1	20	6.2187517	0	0	0	0	0	0	0	0	0	0	0;
	2	20	0	10	-10	1	100	1	20	6.2187517	0	0	0	0	0	0	0	0	0	0	0;
	2	0	23.67	45.2	-26.8	1.05	92	1	60.3	0	0	0	0	0	0	0	0	0	0	0	0;
	2	20	0	10	-10	1	100	1	20	6.2187517	0	0	0	0	0	0	0	0	0	0	0;
	2	20	0	10	-10	1	100	1	20	6.2187517	0	0	0	0	0	0	0	0	0	0	0;
	2	20	0	10	-10	1	100	1	20	6.2187517	0	0	0	0	0	0	0	0	0	0	0;
	2	20	0	10	-10	1	100	1	20	6.2187517	0	0	0	0	0	0	0	0	0	0	0;
	2	0	24.42	47.6	-22.4	1.05	92	1	70.8	60	0	0	0	0	0	0	0	0	0	0	0;
	2	0	0	45.9	-25.5	1	92	1	66	60	0	0	0	0	0	0	0	0	0	0	0;
	2	20	0	10	-10	1	100	1	20	6.2187517	0	0	0	0	0	0	0	0	0	0	0;
	2	20	0	10	-10	1	100	1	20	6.2187517	0	0	0	0	0	0	0	0	0	0	0;
	2	20	0	10	-10	1	100	1	20	6.2187517	0	0	0	0	0	0	0	0	0	0	0;
	2	20	0	10	-10	1	100	1	20	6.2187517	0	0	0	0	0	0	0	0	0	0	0;
	2	0	24.63	48	-21.6	1.05	92	1	72.7	60	0	0	0	0	0	0	0	0	0	0	0;
	2	20	0	10	-10	1	100	1	20	6.2187517	0	0	0	0	0	0	0	0	0	0	0;
	2	20	0	10	-10	1	100	1	20	6.2187517	0	0	0	0	0	0	0	0	0	0	0;
	2	20	0	10	-10	1	100	1	20	6.2187517	0	0	0	0	0	0	0	0	0	0	0;
	2	20	0	10	-10	1	100	1	20	6.2187517	0	0	0	0	0	0	0	0	0	0	0;
	2	0	23.96	50	-22.72	1.05	92	1	65.4	60	0	0	0	0	0	0	0	0	0	0	0;
	2	20	0	10	-10	1	100	1	20	6.2187517	0	0	0	0	0	0	0	0	0	0	0;
	2	20	0	10	-10	1	100	1	20	6.2187517	0	0	0	0	0	0	0	0	0	0	0;
	2	20	0	10	-10	1	100	1	20	6.2187517	0	0	0	0	0	0	0	0	0	0	0;
	2	20	0	10	-10	1	100	1	20	6.2187517	0	0	0	0	0	0	0	0	0	0	0;
	2	0	24.22	47.6	-22.12	1.05	92	1	67.9	60	0	0	0	0	0	0	0	0	0	0	0;
	2	0	0	11	-11	1	100	1	22	6.84062687	0	0	0	0	0	0	0	0	0	0	0;
	2	0	0	11	-11	1	100	1	22	6.84062687	0	0	0	0	0	0	0	0	0	0	0;
	2	0	0	11	-11	1	100	1	22	6.84062687	0	0	0	0	0	0	0	0	0	0	0;
	2	0	23.66	44.8	-24.4	1.05	118.4	1	74.8	54.8	0	0	0	0	0	0	0	0	0	0	0;
	2	0	0	0.4	-0.4	1	100	0	0.8	0.052737163	0	0	0	0	0	0	0	0	0	0	0;
	2	0	0	0.4	-0.4	1	100	0	0.8	0.052737163	0	0	0	0	0	0	0	0	0	0	0;
	2	0	0	11	-11	1	100	1	22	6.84062687	0	0	0	0	0	0	0	0	0	0	0;
	2	0	0	11	-11	1	100	1	22	6.84062687	0	0	0	0	0	0	0	0	0	0	0;
	2	0	0	11	-11	1	100	1	22	6.84062687	0	0	0	0	0	0	0	0	0	0	0;
	2	0	23.75	45.3	-24.5	1.05	118.4	1	70.9	54.8	0	0	0	0	0	0	0	0	0	0	0;
	2	0	0	11	-11	1	100	1	22	6.84062687	0	0	0	0	0	0	0	0	0	0	0;
	2	0	0	11	-11	1	100	1	22	6.84062687	0	0	0	0	0	0	0	0	0	0	0;
	2	0	0	11	-11	1	100	1	22	6.84062687	0	0	0	0	0	0	0	0	0	0	0;
	2	0	23.62	46.8	-24.8	1.05	118.4	1	69.1	54.8	0	0	0	0	0	0	0	0	0	0	0;
	2	0	0	11	-11	1	100	1	22	6.84062687	0	0	0	0	0	0	0	0	0	0	0;
	2	0	0	11	-11	1	100	1	22	6.84062687	0	0	0	0	0	0	0	0	0	0	0;
	2	0	0	11	-11	1	100	1	22	6.84062687	0	0	0	0	0	0	0	0	0	0	0;
	2	0	23.6	46.8	-24.8	1.05	118.4	1	68.9	54.8	0	0	0	0	0	0	0	0	0	0	0;
	2	16	0	8	-8	1	100	1	16	3.40987979	0	0	0	0	0	0	0	0	0	0	0;
	2	0	11.31	58	-40	1.04	93	1	72.4	0	0	0	0	0	0	0	0	0	0	0	0;
	2	53	0	26.5	-26.5	1	100	1	53	16.479692	0	0	0	0	0	0	0	0	0	0	0;
	2	0	12.03	58	-40	1.04	93	1	70.7	57	0	0	0	0	0	0	0	0	0	0	0;
	2	0	0	58	-40	1.02	93	1	68.4	57	0	0	0	0	0	0	0	0	0	0	0;
	2	0	0	58	-40	1.02	93	1	66.8	0	0	0	0	0	0	0	0	0	0	0	0;
	2	0	0	58	-40	1.02	93	1	65	0	0	0	0	0	0	0	0	0	0	0	0;
	2	0	0	58	-40	1.02	93	1	67	0	0	0	0	0	0	0	0	0	0	0	0;
	2	0	0	47.9	-27.2	1	92	1	66.5	60	0	0	0	0	0	0	0	0	0	0	0;
	2	0	0	0.45	-0.45	1	100	0	0.9	0.059329309	0	0	0	0	0	0	0	0	0	0	0;
	2	0	0	0.45	-0.45	1	100	0	0.9	0.059329309	0	0	0	0	0	0	0	0	0	0	0;
	2	2.74147321	0	10	-10	1	100	1	20	6.2187517	0	0	0	0	0	0	0	0	0	0	0;
	2	0	0	10	-10	1	100	1	20	6.2187517	0	0	0	0	0	0	0	0	0	0	0;
	2	20	0	10	-10	1	100	1	20	6.2187517	0	0	0	0	0	0	0	0	0	0	0;
	2	0	23.56	50	-22.72	1.05	92	1	61.1	0	0	0	0	0	0	0	0	0	0	0	0;
	2	170	1.41	47.4	-52.1	1.04	213	1	170	0	0	0	0	0	0	0	0	0	0	0	0;
	2	0	0	9.3	-9.3	1	100	1	18.6	5.78343908	0	0	0	0	0	0	0	0	0	0	0;
	2	0	0	12.5	-12.5	1	100	1	25	7.77343962	0	0	0	0	0	0	0	0	0	0	0;
	2	0	0	21.45	-21.45	1	100	1	42.9	13.3392224	0	0	0	0	0	0	0	0	0	0	0;
	2	80	0	40	-40	1	100	1	80	17.049399	0	0	0	0	0	0	0	0	0	0	0;
	2	17.1	0	8.55	-8.55	1	100	1	17.1	5.3170327	0	0	0	0	0	0	0	0	0	0	0;
	2	59.7	31.71	35	0	1.02	65	1	59.7	0	0	0	0	0	0	0	0	0	0	0	0;
	2	0	37.79	49	-11.55	1.04	100	1	184.6	0	0	0	0	0	0	0	0	0	0	0	0;
	2	180	52.84	98	-61.5	1.05	208	1	180	36.3636364	0	0	0	0	0	0	0	0	0	0	0;
	2	180	66.4	98	-61.5	1.05	208	1	180	36.3881402	0	0	0	0	0	0	0	0	0	0	0;
	2	0	0	0.2	-0.2	1	100	0	0.4	0.026368582	0	0	0	0	0	0	0	0	0	0	0;
	2	0	0	0.4	-0.4	1	100	0	0.8	0.052737163	0	0	0	0	0	0	0	0	0	0	0;
	2	0	0	0.4	-0.4	1	100	0	0.8	0.052737163	0	0	0	0	0	0	0	0	0	0	0;
	2	0	0	0.4	-0.4	1	100	0	0.8	0.052737163	0	0	0	0	0	0	0	0	0	0	0;
	2	0	0	0.4	-0.4	1	100	0	0.8	0.052737163	0	0	0	0	0	0	0	0	0	0	0;
	2	0	0	0.4	-0.4	1	100	0	0.8	0.052737163	0	0	0	0	0	0	0	0	0	0	0;
	2	0	0	10	0	1.03	21.88	1	19.8	0	0	0	0	0	0	0	0	0	0	0	0;
	2	0	0	10	0	1.03	21.88	1	20.1	0	0	0	0	0	0	0	0	0	0	0	0;
	2	170	0	85	-85	1	100	1	170	41.0323167	0	0	0	0	0	0	0	0	0	0	0;
	2	535.5	57.96	312.7	-176.1	1.04	595	1	535.5	147.818128	0	0	0	0	0	0	0	0	0	0	0;
	2	1299	426.74	495.3	-92.1	1.03	1439	1	1299	386.548522	0	0	0	0	0	0	0	0	0	0	0;
	2	1027	161.53	332.3	-133	1.04	556	1	1027	189.49738	0	0	0	0	0	0	0	0	0	0	0;
	2	0	0	10	-10	1	100	1	20	6.2187517	0	0	0	0	0	0	0	0	0	0	0;
	2	229.144329	100.29	95	-84	1.04	202	1	376.2	73.6362654	0	0	0	0	0	0	0	0	0	0	0;
	2	376	170.3	142.4	-83.6	1.03	202	1	376	69.8916638	0	0	0	0	0	0	0	0	0	0	0;
	2	0	0	7.55	-7.55	1	100	1	15.1	4.69515753	0	0	0	0	0	0	0	0	0	0	0;
	2	19.2	0	9.6	-9.6	1	100	1	19.2	5.97000163	0	0	0	0	0	0	0	0	0	0	0;
	2	31.8	0	15.9	-15.9	1	100	1	31.8	9.8878152	0	0	0	0	0	0	0	0	0	0	0;
	2	31.8	0	15.9	-15.9	1	100	1	31.8	9.8878152	0	0	0	0	0	0	0	0	0	0	0;
	2	0	0	23.25	-23.25	1	100	1	46.5	14.4585977	0	0	0	0	0	0	0	0	0	0	0;
	2	0	0	23.25	-23.25	1	100	1	46.5	14.4585977	0	0	0	0	0	0	0	0	0	0	0;
